100
4877
33525
8609
2092
4018
5607
7721
7749
96485
8059
2987
1275
79888
61134
7429
15231
9135
11121
66936
37651
62449
34796
10219
43085
42761
5386
4158
7169
5979
5496
22112
56829
8383
9426
17065
59979
6789
6739
59283
1133
13236
50437
48247
94118
8848
43319
7642
83266
43467
53036
63424
1497
1482
2557
1776
8513
25552
9445
23057
7225
9458
6002
58384
7262
4379
4644
49714
78197
7169
6448
9042
9783
26904
99032
94758
72362
2741
43797
6062
65271
7984
9794
7549
74644
9517
34607
61777
3207
29974
5514
72141
89431
8169
3346
22485
83935
9935
47616
78837
1611
